1.4470895574856484e-09
3.8846795678593366e-08
4.6625511218636363e-17
1.173465474015961e-14
5.787292949795625e-20
1.2336887557820734e-13
6.724057589450292e-13
8.640362114900561e-24
2.008282353213242e-17
8.74422902744761e-08
1.1178673567133678e-09
2.8475362437543043e-11
9.68964021960902e-15
1.0002245189495618e-05
5.584345922342131e-12
5.131459438894834e-06
1.7814200800699743e-05
2.8678450052586555e-06
1.926311892493537e-13
8.06067823951838e-22
1.9125357297715477e-35
1.4534173125963909e-30
3.357290037981629e-20
3.7329588630598455e-19
3.7459276590397724e-17
1.9323736179959108e-10
3.5045105900397023e-06
5.56710392886703e-10
8.733980395224324e-22
1.1929116905866305e-12
1.0067270966389737e-09
4.2114674891599654e-16
1.967941327357277e-14
1.2885469248900378e-11
4.230024872677282e-18
2.007587382673827e-16
2.4637042415767943e-08
1.211810798222191e-08
1.493825615222905e-14
1.3533335555700325e-10
7.438994555739597e-14
1.0517031708619982e-12
4.859951631262457e-12
1.2463698437876245e-17
1.408783017758863e-16
1.4865700051212557e-16
3.8119593260135886e-11
2.048662798867002e-10
5.667833208002157e-18
3.493041951668601e-20
2.0363435652467695e-23
5.057249787545341e-15
3.2824109201705013e-06
0.00011237094160164087
0.00011237094160164087
3.95424143367415e-13
9.736503367712872e-13
1.906056537968863e-06
1.1145638596583096e-08
1.1592086309054982e-14
0.0012996227943612936
3.5183888295481383e-15
1.5217520830581541e-16
2.4482363324792293e-12
5.326514641808745e-23
8.106929127775074e-17
9.881925663200133e-07
2.5329357637358575e-05
7.85421752699375e-06
8.264511822865261e-20
4.944722454363564e-19
9.457629010194207e-21
6.512609598512553e-11
5.824037405183967e-11
8.183691330274538e-26
1.0334593045116209e-12
4.386737830992231e-09
8.639924058545601e-13
4.897870946763057e-11
1.2093965115803413e-17
2.926879564525314e-10
6.809393850543453e-08
5.224180012705206e-07
5.971881538410589e-11
9.450771031096296e-25
3.223831171389002e-11
5.248471312714057e-56
2.1011043624634224e-20
0.0008761687726356639
7.098187960142793e-18
2.852022916034248e-11
6.886102156269636e-12
2.6015866585682912e-06
1.3397485895014989e-14
1.436444686927507e-13
1.8399259515756508e-13
9.303038424925444e-11
3.646849934153089e-15
1.157360897309497e-16
4.5173003316699e-11
